B012:-8.5956712,41.1773283
B011:-8.5956089,41.1773811
B010:-8.5956022,41.1773933
B048:-8.5956317,41.1774157
B013:-8.5955844,41.1775081
B045:-8.5955546,41.1774924
B009:-8.5953574,41.1775108
B008:-8.5953195,41.1775018
B043:-8.595175,41.1774573
B007:-8.5951868,41.1773907
B004:-8.595183,41.1773233
B005:-8.5951917,41.1773072
B042:-8.5952253,41.1773039
B006:-8.5952756,41.177206
B001:-8.5957654,41.1777352
B002:-8.5956886,41.1777162
B003:-8.5956427,41.1776746
B034:-8.5973013,41.177637
B032:-8.597247,41.1777097
B033:-8.5972564,41.1776946
B067:-8.5972182,41.1778182
B035:-8.5972463,41.1778247
B031:-8.5970204,41.177852
B030:-8.5969801,41.1778475
B028:-8.5968883,41.1775663
B026:-8.5968306,41.1776431
B027:-8.5968339,41.1776249
B029:-8.5968299,41.177749
B060:-8.5967964,41.1777501
B066:-8.5971699,41.1778646
B065:-8.5968427,41.1778091
B071:-8.5972732,41.1777329
B064:-8.5968554,41.1776587
B087:-8.59685,41.1777829
B025:-8.5966033,41.1777783
B024:-8.5965671,41.1777728
B022:-8.5964665,41.1774937
B021:-8.5964182,41.1775527
B020:-8.5964148,41.1775679
B059:-8.5964397,41.1775865
B055:-8.5963793,41.1776708
B086:-8.5963444,41.177693
B054:-8.5963391,41.1777243
B019:-8.5961835,41.1777107
B018:-8.5961473,41.1777036
B053:-8.5960045,41.1776648
B085:-8.5960219,41.177635
B017:-8.5959978,41.1776052
B014:-8.5959857,41.1775361
B015:-8.5959904,41.1775244
B016:-8.5960514,41.1774235
B052:-8.5960239,41.1775133
B050:-8.5959495,41.1776456
B049:-8.5959455,41.1776587
B040:-8.5951334,41.1774361
BES1:-8.5951053,41.1774795
B041:-8.5951743,41.1771747
B046:-8.5955753,41.1772993
B047:-8.595635,41.1773155
B051:-8.5959435,41.1773988
B056:-8.5963625,41.1774699
B057:-8.5964276,41.17748
B058:-8.5965469,41.1775022
B061:-8.596779,41.1775451
B062:-8.5968413,41.1775578
B063:-8.5969613,41.1775779
B068:-8.5972021,41.1776143
B069:-8.5972584,41.1776274
B070:-8.5973798,41.1776501
BES2:-8.5958207,41.1776976
BES3:-8.5967769,41.1778616
E4:-8.5963364,41.1777117
E1:-8.5951938,41.1774397
E2:-8.5955049,41.1775265
WC1:-8.5955612,41.1775477
E3:-8.5960085,41.1776526
WC2:-8.5963988,41.1777208
WC3:-8.5967877,41.1777849
E5:-8.5968474,41.1778005
E6:-8.5971706,41.1778495
