B012:41.1773283,-8.5956712
B011:41.1773811,-8.5956089
B010:41.1773933,-8.5956022
B048:41.1774157,-8.5956317
B013:41.1775081,-8.5955844  
B045:41.1774924,-8.5955546  
B009:41.1775108,-8.5953574  
B008:41.1775018,-8.5953195  
B043:41.1774573,-8.595175  
B007:41.1773907,-8.5951868  
B004:41.1773233,-8.595183  
B005:41.1773072,-8.5951917  
B042:41.1773039,-8.5952253  
B006:41.177206,-8.5952756  
B001:41.1777352,-8.5957654  
B002:41.1777162,-8.5956886  
B003:41.1776746,-8.5956427  
B034:41.177637,-8.5973013  
B032:41.1777097,-8.597247  
B033:41.1776946,-8.5972564  
B067:41.1778182,-8.5972182   
B035:41.1778247,-8.5972463  
B031:41.177852,-8.5970204  
B030:41.1778475,-8.5969801  
B028:41.1775663,-8.5968883  
B026:41.1776431,-8.5968306  
B027:41.1776249,-8.5968339  
B029:41.177749,-8.5968299  
B060:41.1777501,-8.5967964  
B066:41.1778646,-8.5971699  
B065:41.1778091,-8.5968427  
B071:41.1777329,-8.5972732  
B064:41.1776587,-8.5968554  
B087:41.1777829,-8.59685  
B025:41.1777783,-8.5966033  
B024:41.1777728,-8.5965671  
B022:41.1774937,-8.5964665  
B021:41.1775527,-8.5964182  
B020:41.1775679,-8.5964148  
B059:41.1775865,-8.5964397  
B055:41.1776708,-8.5963793  
B086:41.177693,-8.5963444  
B054:41.1777243,-8.5963391  
B019:41.1777107,-8.5961835  
B018:41.1777036,-8.5961473  
B053:41.1776648,-8.5960045  
B085:41.177635,-8.5960219  
B017:41.1776052,-8.5959978  
B014:41.1775361,-8.5959857  
B015:41.1775244,-8.5959904  
B016:41.1774235,-8.5960514  
B052:41.1775133,-8.5960239  
B050:41.1776456,-8.5959495  
B049:41.1776587,-8.5959455  
B040:41.1774361,-8.5951334  
BES1:41.1774795,-8.5951053  
B041:41.1771747,-8.5951743  
B046:41.1772993,-8.5955753  
B047:41.1773155,-8.595635  
B051:41.1773988,-8.5959435  
B056:41.1774699,-8.5963625  
B057:41.17748,-8.5964276  
B058:41.1775022,-8.5965469  
B061:41.1775451,-8.596779  
B062:41.1775578,:-8.5968413  
B063:41.1775779,-8.5969613  
B068:41.1776143,-8.5972021  
B069:41.1776274,-8.5972584  
B070:41.1776501,-8.5973798
BES1:41.1774775,-8.595112  
BES2:41.1776976,-8.5958207  
BES3:41.1778616,-8.5967769  
E4:41.1777117,-8.5963364  
E1:41.1774397,-8.5951938  
E2:41.1775265,-8.5955049  
WC1:41.1775477,-8.5955612  
E3:41.1776526,-8.5960085  
WC2:41.1777208,-8.5963988  
WC3:41.1777849,-8.5967877  
E5:41.1778005,-8.5968474  
E6:41.1778495,-8.5971706  
C001:41.1774849, -8.5951304  
C002:41.1774578, -8.5951439  
C003:41.177442, -8.595152  
C004:41.177426, -8.595158  
C005:41.177387, -8.595171  
C006:41.177329, -8.595198  
C007:41.177313, -8.595209  
C008:41.177216, -8.595255  
C009:41.177538, -8.595325  
C010:41.177513, -8.595340  
C011:41.177590, -8.595519  
C012:41.177550, -8.595544  
C013:41.1775034, -8.5955689  
C014:41.1774187, -8.5956145  
C015:41.1774042, -8.5956183  
C016:41.1773864, -8.5956239  
C017:41.1773293, -8.5956541  
C018:41.1776548, -8.5957455  
C019:41.1776265, -8.5957602  
C020:41.1776932, -8.5959581  
C021:41.1776669, -8.5959715  
C022:41.1776427, -8.5959728  
C023:41.1775963, -8.5959862  
C024:41.1775387, -8.5959976  
C025:41.1775226, -8.5960037  
C026:41.1774222, -8.5960318  
C027:41.1777301, -8.5961604  
C028:41.1777008, -8.5961691  
C029:41.1777648, -8.5963679  
C030:41.1777371, -8.5963780  
C031:41.1777191, -8.5963817  
C032:41.1776762, -8.5963957  
C033:41.1775955, -8.5964266  
C034:41.1775758, -8.5964266  
C035:41.1775546, -8.5964346  
C036:41.1774976, -8.5964527  
C037:41.1778038, -8.5965763  
C038:41.1777689, -8.5965877  
C039:41.1778387, -8.5967904  
C040:41.1778126, -8.5967954  
C041:41.1777904, -8.5968001  
C042:41.1777533, -8.5968113  
C043:41.1776634, -8.5968421  
C044:41.1776412, -8.5968435  
C045:41.1776296, -8.5968502  
C046:41.1775716, -8.5968716  
C047:41.1778729, -8.5969920  
C048:41.1778426, -8.5970007  
C049:41.1779127, -8.5972028  
C050:41.1778859, -8.5972128  
C051:41.1778644, -8.5972177  
C052:41.1778210, -8.5972285  
C053:41.1777402, -8.5972580  
C054:41.1777170, -8.5972573  
C055:41.1776978, -8.5972680  
C056:41.1776394, -8.5972874   
